Longitude = -110.95deg Latitude = 32.18deg
Date Time MountAz MountAlt ActualAz ActualAlt Pressure Count Temperature
1609459200 1609459200 188.1 44.7 188.3 44.7 48.6 True 11
1609462800 1609462800 176.9 40.1 177.0 40.2 51.42 False 27
1609466400 1609466400 177.4 46.0 177.2 46.5 53.12 False 18
1609470000 1609470000 174.6 44.4 174.3 45.1 57.69 False 63
1609473600 1609473600 184.3 42.0 183.3 42.3 55.84 False 2
1609477200 1609477200 168.5 43.3 168.8 43.1 67.89 True 18
1609480800 1609480800 188.7 43.3 188.5 43.6 49.75 False 22
1609484400 1609484400 176.2 46.2 176.3 45.8 64.9 True 12
1609488000 1609488000 181.6 46.1 181.9 46.2 46.79 False 5
1609491600 1609491600 178.8 48.0 178.4 48.9 55.61 False 88
1609495200 1609495200 187.3 46.3 187.8 47.0 52.71 False 19
1609498800 1609498800 169.7 42.3 169.8 42.1 57.67 False 12
1609502400 1609502400 178.4 42.2 179.1 42.7 50.33 False 24
1609506000 1609506000 178.1 47.3 178.2 47.1 67.61 True 52
1609509600 1609509600 185.7 48.1 185.9 47.8 29.66 False 53
1609513200 1609513200 174.5 44.5 174.4 43.7 58.6 True 3
1609516800 1609516800 179.1 46.1 179.8 46.4 56.98 False 33
1609520400 1609520400 175.6 42.0 174.5 42.2 57.68 False 74
1609524000 1609524000 180.2 41.1 179.9 41.6 67.52 False 34
1609527600 1609527600 182.9 42.7 182.7 43.1 63.26 False 23
1609531200 1609531200 174.5 44.3 173.7 44.2 35.95 True 60
1609534800 1609534800 185.7 44.0 185.3 44.4 61.25 True 0
1609538400 1609538400 184.5 44.5 183.4 45.4 45.59 False 28
1609542000 1609542000 182.5 44.0 182.6 45.2 52.2 True 70
1609545600 1609545600 184.5 46.4 183.8 46.8 54.48 False 67
1609549200 1609549200 176.6 47.9 176.8 48.0 41.55 False 69
1609552800 1609552800 179.4 45.1 179.3 45.3 36.3 False 9
1609556400 1609556400 175.3 49.1 174.9 49.1 51.56 False 13
1609560000 1609560000 178.7 43.7 177.9 43.4 51.45 False 61
1609563600 1609563600 182.7 43.9 182.4 44.7 44.24 True 22
1609567200 1609567200 176.5 45.8 176.7 46.2 40.87 True 5
1609570800 1609570800 178.0 44.3 177.9 44.4 50.06 True 71
1609574400 1609574400 176.6 47.4 176.9 48.1 47.0 True 17
1609578000 1609578000 175.8 43.7 175.4 44.1 49.43 False 37
1609581600 1609581600 176.6 47.6 177.4 47.0 68.48 True 6
1609585200 1609585200 179.9 45.4 179.8 46.0 55.83 True 28
1609588800 1609588800 174.4 50.1 174.0 49.9 63.38 False 57
1609592400 1609592400 181.2 44.1 181.9 43.4 43.78 True 77
1609596000 1609596000 188.3 44.6 189.0 44.7 66.05 False 54
1609599600 1609599600 183.7 45.3 183.7 45.1 49.79 True 12
1609603200 1609603200 179.0 40.6 178.8 40.2 51.33 True 39
1609606800 1609606800 175.6 46.2 176.1 47.0 50.62 True 92
1609610400 1609610400 176.3 46.0 175.9 46.0 53.67 False 48
1609614000 1609614000 188.5 45.2 189.0 45.2 34.52 False 78
1609617600 1609617600 180.3 41.9 179.6 41.8 50.01 True 80
1609621200 1609621200 176.8 41.9 176.8 41.7 56.81 True 59
1609624800 1609624800 181.0 46.2 181.0 46.3 64.28 True 28
1609628400 1609628400 190.5 47.4 191.1 47.2 54.52 True 82
1609632000 1609632000 180.6 48.2 179.7 49.8 43.35 True 17
1609635600 1609635600 183.1 43.2 183.2 42.7 36.22 True 63
1609639200 1609639200 181.5 42.9 181.4 43.0 53.32 True 7
1609642800 1609642800 178.2 44.5 178.2 44.3 31.92 False 47
1609646400 1609646400 174.3 41.0 173.9 40.6 48.64 True 84
1609650000 1609650000 178.3 43.8 177.6 43.5 55.35 False 89
1609653600 1609653600 179.0 46.7 178.8 46.7 51.05 False 18
1609657200 1609657200 182.9 48.3 182.8 48.8 47.39 False 52
1609660800 1609660800 184.2 45.6 184.9 46.2 31.05 False 29
1609664400 1609664400 184.7 48.3 184.8 48.6 49.54 True 12
1609668000 1609668000 181.4 45.8 181.4 45.6 60.59 False 27
1609671600 1609671600 184.4 45.4 184.7 46.4 47.54 True 59
1609675200 1609675200 176.2 44.7 175.4 45.6 45.85 False 0
1609678800 1609678800 186.3 45.4 186.7 46.3 54.04 True 7
1609682400 1609682400 182.6 44.5 183.1 44.3 57.03 True 81
1609686000 1609686000 178.5 44.7 179.0 45.0 58.89 True 2
1609689600 1609689600 182.4 43.7 182.2 44.1 41.29 True 72
1609693200 1609693200 179.6 45.5 179.0 45.8 45.14 False 57
1609696800 1609696800 185.7 45.0 185.2 45.3 53.03 True 75
1609700400 1609700400 187.6 42.0 187.7 42.3 60.0 True 46
1609704000 1609704000 190.9 44.5 191.2 44.3 64.07 False 8
1609707600 1609707600 173.0 43.3 173.6 43.9 43.95 True 81
1609711200 1609711200 172.8 40.9 173.6 41.6 58.94 False 36
1609714800 1609714800 177.5 46.0 177.9 46.3 63.27 False 87
1609718400 1609718400 180.8 48.1 180.8 48.1 52.87 True 71
1609722000 1609722000 184.4 49.7 184.5 49.9 47.82 False 57
1609725600 1609725600 181.6 48.1 181.5 48.7 40.27 True 52
1609729200 1609729200 169.9 43.3 170.4 43.2 60.8 False 37
1609732800 1609732800 178.5 47.4 178.8 47.7 49.93 True 71
1609736400 1609736400 184.1 47.2 184.2 46.8 64.58 False 72
1609740000 1609740000 181.2 41.0 180.6 41.2 67.89 False 67
1609743600 1609743600 183.8 46.7 184.3 46.1 36.67 True 98
1609747200 1609747200 178.9 46.3 178.1 45.7 45.32 True 58
1609750800 1609750800 179.0 45.3 179.6 46.3 48.97 False 35
1609754400 1609754400 180.9 45.6 181.4 45.7 39.54 False 58
1609758000 1609758000 182.1 45.1 181.3 45.7 41.83 True 46
1609761600 1609761600 181.0 48.3 181.0 47.0 65.18 True 82
1609765200 1609765200 180.6 44.2 180.0 44.1 43.82 True 0
1609768800 1609768800 176.6 44.6 176.5 44.5 52.63 False 1
1609772400 1609772400 181.9 45.0 182.2 44.7 31.0 False 75
1609776000 1609776000 180.6 45.6 180.5 45.7 43.34 False 87
1609779600 1609779600 185.6 41.5 184.9 41.1 42.06 True 41
1609783200 1609783200 186.0 47.8 186.1 48.4 41.91 True 98
1609786800 1609786800 180.9 45.5 181.0 45.8 48.72 True 99
1609790400 1609790400 178.1 46.1 178.1 45.5 48.65 False 21
1609794000 1609794000 176.8 45.4 176.3 45.6 35.21 False 19
1609797600 1609797600 182.1 44.6 181.9 44.8 45.07 False 36
1609801200 1609801200 180.4 44.3 180.5 45.1 57.95 True 54
1609804800 1609804800 178.3 45.2 178.2 45.7 39.08 False 48
1609808400 1609808400 180.2 45.3 181.3 44.7 70.87 False 71
1609812000 1609812000 176.9 47.3 177.0 46.9 63.17 True 63
1609815600 1609815600 183.5 45.7 183.4 46.2 45.34 False 17
1609819200 1609819200 177.8 44.7 178.0 44.0 28.63 False 21
1609822800 1609822800 186.1 49.0 185.5 49.3 28.45 False 24
1609826400 1609826400 182.0 42.4 182.2 42.1 42.5 False 7
1609830000 1609830000 183.0 42.3 183.8 42.6 42.72 False 74
1609833600 1609833600 174.5 45.7 174.1 46.0 40.51 False 65
1609837200 1609837200 180.8 44.6 180.9 44.8 67.54 False 15
1609840800 1609840800 183.7 41.5 184.1 41.1 59.75 True 40
1609844400 1609844400 175.2 44.4 174.4 44.4 59.14 True 5
1609848000 1609848000 178.7 43.6 179.5 44.2 42.94 False 15
1609851600 1609851600 180.2 47.3 179.7 47.2 58.45 True 9
1609855200 1609855200 173.1 43.8 172.9 44.0 49.99 False 92
1609858800 1609858800 181.6 47.1 181.8 47.9 51.13 False 7
1609862400 1609862400 184.2 45.9 184.1 46.9 54.68 False 6
1609866000 1609866000 175.7 44.6 176.1 45.4 78.48 True 50
1609869600 1609869600 181.8 45.0 181.9 45.1 35.6 False 89
1609873200 1609873200 173.4 45.9 173.7 46.0 48.3 True 16
1609876800 1609876800 179.8 40.4 179.8 40.3 31.95 False 64
1609880400 1609880400 171.9 45.7 172.6 45.4 56.08 False 42
1609884000 1609884000 185.6 44.2 184.6 44.1 52.18 True 92
1609887600 1609887600 182.0 48.6 182.2 47.9 71.75 False 14
1609891200 1609891200 179.9 43.6 179.7 43.9 55.77 False 98
1609894800 1609894800 176.1 47.3 175.6 47.2 35.27 True 42
1609898400 1609898400 186.4 40.0 186.0 40.6 37.53 False 43
1609902000 1609902000 189.8 46.6 189.5 47.1 67.86 True 40
1609905600 1609905600 170.7 45.6 171.0 46.3 26.93 False 87
1609909200 1609909200 186.2 44.5 185.8 44.1 59.92 True 86
1609912800 1609912800 188.1 44.8 188.0 44.7 40.84 False 50
1609916400 1609916400 181.7 44.5 181.8 44.1 47.56 True 26
1609920000 1609920000 174.0 45.8 173.4 45.0 50.35 True 91
1609923600 1609923600 184.3 44.7 184.9 44.4 37.93 True 10
1609927200 1609927200 179.1 41.4 180.3 41.0 42.18 True 33
1609930800 1609930800 177.0 44.6 176.7 45.2 49.17 False 66
1609934400 1609934400 173.8 49.5 174.3 48.1 67.29 True 39
1609938000 1609938000 182.8 45.1 182.6 45.4 56.58 False 36
1609941600 1609941600 184.0 45.6 184.3 45.5 42.07 True 46
1609945200 1609945200 176.9 44.1 176.8 43.9 49.82 False 53
1609948800 1609948800 182.6 45.3 183.7 45.1 41.99 False 62
1609952400 1609952400 174.3 45.4 174.1 45.6 51.61 True 39
1609956000 1609956000 184.0 44.5 184.4 44.5 39.64 True 93
1609959600 1609959600 180.2 46.7 180.5 47.9 46.6 True 37
1609963200 1609963200 179.1 43.2 178.6 43.3 67.76 False 1
1609966800 1609966800 179.5 44.7 178.4 44.5 37.45 False 96
1609970400 1609970400 184.3 46.0 184.6 45.7 57.86 True 36
1609974000 1609974000 183.8 44.5 184.2 44.4 47.21 False 96
1609977600 1609977600 182.6 42.6 182.3 43.4 56.93 True 88
1609981200 1609981200 180.7 46.1 180.4 46.4 48.68 True 48
1609984800 1609984800 180.4 43.0 180.9 43.7 49.6 True 19
1609988400 1609988400 183.1 44.1 183.5 43.5 50.34 True 74
1609992000 1609992000 181.2 43.3 181.7 43.1 64.07 True 32
1609995600 1609995600 183.4 44.8 183.5 44.8 60.55 False 83
1609999200 1609999200 178.4 44.1 178.0 44.0 52.11 False 0
1610002800 1610002800 167.8 44.1 167.2 44.5 64.46 True 19
1610006400 1610006400 185.2 46.4 184.2 46.9 61.92 True 54
1610010000 1610010000 190.9 48.5 190.9 48.3 61.2 False 91
1610013600 1610013600 182.2 44.3 183.2 42.9 62.31 False 72
1610017200 1610017200 179.5 46.0 179.7 45.5 36.77 True 28
1610020800 1610020800 179.3 44.3 179.3 43.7 67.15 True 49
1610024400 1610024400 179.4 45.2 178.6 45.5 38.26 True 35
1610028000 1610028000 180.1 47.3 179.8 48.3 48.86 False 77
1610031600 1610031600 174.4 45.1 174.4 45.3 57.05 True 2
1610035200 1610035200 177.4 43.4 177.3 44.3 29.13 False 62
1610038800 1610038800 175.0 43.5 175.5 43.7 50.77 False 72
1610042400 1610042400 181.2 43.8 181.1 44.4 60.64 True 69
1610046000 1610046000 178.5 45.0 178.8 45.2 52.3 True 7
1610049600 1610049600 182.5 46.7 182.4 47.1 58.01 False 1
1610053200 1610053200 179.1 42.3 179.0 41.8 44.82 False 13
1610056800 1610056800 184.9 42.9 185.5 42.7 34.56 True 89
1610060400 1610060400 181.1 43.2 180.7 44.0 51.1 False 32
1610064000 1610064000 191.0 41.5 190.9 42.0 38.05 True 48
1610067600 1610067600 170.5 47.7 169.9 47.0 47.11 True 76
1610071200 1610071200 176.8 44.9 176.8 45.4 41.35 False 24
1610074800 1610074800 184.5 48.8 185.0 49.4 52.27 True 4
1610078400 1610078400 192.6 42.2 192.9 42.1 41.76 True 81
1610082000 1610082000 178.8 47.6 179.2 47.8 45.7 True 11
1610085600 1610085600 180.2 43.6 180.7 43.3 72.81 True 3
1610089200 1610089200 178.9 44.2 179.2 44.4 49.92 True 81
1610092800 1610092800 186.7 43.0 187.1 43.1 48.09 True 43
1610096400 1610096400 178.6 43.1 178.8 42.9 62.61 True 30
1610100000 1610100000 183.4 42.4 182.9 42.4 54.99 False 77
1610103600 1610103600 178.4 45.4 178.7 45.1 64.1 False 84
1610107200 1610107200 173.6 42.4 174.1 42.7 54.15 True 33
1610110800 1610110800 181.6 44.5 181.2 44.2 53.92 True 43
1610114400 1610114400 182.5 45.0 182.6 45.2 47.78 False 13
1610118000 1610118000 186.5 46.3 187.0 46.4 64.35 True 39
1610121600 1610121600 179.4 45.2 179.2 44.8 53.35 False 10
1610125200 1610125200 176.9 45.6 176.2 45.4 50.19 False 48
1610128800 1610128800 182.8 46.0 182.8 46.2 71.01 False 84
1610132400 1610132400 181.2 45.0 182.0 45.7 29.25 True 61
1610136000 1610136000 181.4 45.7 180.9 45.4 43.74 True 23
1610139600 1610139600 179.6 43.0 179.5 42.9 58.55 False 11
1610143200 1610143200 185.8 43.4 185.4 43.3 41.86 True 23
1610146800 1610146800 181.8 48.8 181.6 47.9 43.07 True 76
1610150400 1610150400 189.5 45.0 189.6 44.9 56.15 True 80
1610154000 1610154000 185.6 43.6 186.3 44.0 50.7 False 12
1610157600 1610157600 183.3 47.8 182.9 48.2 57.14 False 86
1610161200 1610161200 171.9 44.7 171.5 44.5 43.79 False 72
1610164800 1610164800 183.0 43.7 182.6 44.0 50.07 True 6
1610168400 1610168400 182.1 42.1 181.6 42.0 44.99 False 87
1610172000 1610172000 184.1 46.6 183.3 46.8 40.07 False 49
1610175600 1610175600 185.2 42.8 184.8 43.3 40.13 False 92
1610179200 1610179200 178.0 43.9 177.9 43.6 57.59 False 97
1610182800 1610182800 184.1 46.3 184.1 46.5 26.87 False 16
1610186400 1610186400 177.2 45.4 177.8 44.6 46.77 False 73
1610190000 1610190000 189.8 44.8 189.4 45.3 39.26 False 64
1610193600 1610193600 173.3 44.6 172.9 43.8 53.1 False 25
1610197200 1610197200 171.2 47.3 170.8 47.3 46.9 True 59
1610200800 1610200800 171.7 49.5 171.8 49.4 56.36 False 46
1610204400 1610204400 175.5 43.9 175.4 44.3 54.27 True 72
1610208000 1610208000 174.4 46.1 174.8 47.0 31.87 True 42
1610211600 1610211600 189.8 48.9 189.4 48.8 55.2 False 18
1610215200 1610215200 178.4 47.2 178.9 47.2 46.09 True 71
1610218800 1610218800 173.3 43.6 173.8 43.1 50.12 False 77
1610222400 1610222400 185.6 44.1 185.5 44.4 47.14 True 51
1610226000 1610226000 177.1 43.8 176.8 44.3 54.89 False 25
1610229600 1610229600 173.8 43.2 173.9 43.8 72.76 False 46
1610233200 1610233200 184.4 43.8 184.0 43.3 48.89 True 99
1610236800 1610236800 183.1 45.5 184.1 45.1 72.55 True 4
1610240400 1610240400 177.8 43.8 177.9 44.3 43.88 True 42
1610244000 1610244000 187.0 46.8 187.4 47.3 46.69 False 20
1610247600 1610247600 180.6 45.2 180.0 44.2 62.42 False 99
1610251200 1610251200 188.1 44.2 187.2 43.8 51.62 False 35
1610254800 1610254800 182.5 46.8 182.8 45.7 57.11 True 78
1610258400 1610258400 187.8 45.6 188.1 45.5 53.67 False 0
1610262000 1610262000 180.5 45.5 180.1 45.6 66.67 True 68
1610265600 1610265600 173.9 47.1 173.6 47.3 36.37 True 19
1610269200 1610269200 192.2 46.1 191.9 46.3 40.18 True 20
1610272800 1610272800 177.3 44.8 177.4 45.1 54.09 False 0
1610276400 1610276400 179.0 46.9 179.5 46.8 77.77 False 8
1610280000 1610280000 176.5 45.6 175.7 44.8 43.85 True 88
1610283600 1610283600 179.0 50.8 179.2 50.9 55.54 True 71
1610287200 1610287200 181.2 47.2 180.8 47.6 68.69 True 78
1610290800 1610290800 181.0 47.3 180.7 46.6 59.9 True 36
1610294400 1610294400 183.3 47.6 183.2 47.1 73.02 False 50
1610298000 1610298000 189.0 45.2 188.3 45.8 34.07 False 59
1610301600 1610301600 179.4 47.6 180.8 48.4 38.94 True 8
1610305200 1610305200 173.8 45.0 175.0 44.8 30.05 False 61
1610308800 1610308800 174.1 43.3 174.5 42.6 44.8 False 7
1610312400 1610312400 176.7 43.9 177.0 43.6 52.73 True 87
1610316000 1610316000 171.6 46.1 171.1 45.7 41.59 True 26
1610319600 1610319600 184.1 41.9 185.3 41.7 53.01 False 76
1610323200 1610323200 177.5 45.4 177.5 45.8 52.96 False 20
1610326800 1610326800 178.4 43.5 178.3 42.5 42.93 True 2
1610330400 1610330400 180.0 46.4 180.6 45.4 55.01 True 3
1610334000 1610334000 173.0 43.5 173.1 44.5 43.7 True 29
1610337600 1610337600 175.7 48.7 175.3 48.3 41.79 True 16
1610341200 1610341200 183.4 46.5 183.3 47.1 60.94 True 16
1610344800 1610344800 183.1 42.5 182.9 41.6 69.1 True 5
1610348400 1610348400 177.8 48.5 177.8 48.9 59.33 False 48
1610352000 1610352000 189.1 44.5 189.4 43.8 44.68 True 70
1610355600 1610355600 173.5 43.5 173.8 43.0 55.55 True 43
1610359200 1610359200 178.3 43.0 179.0 42.3 59.73 True 6
1610362800 1610362800 178.8 46.1 178.8 46.4 55.31 True 53
1610366400 1610366400 166.0 48.0 166.5 47.5 48.05 True 53
1610370000 1610370000 189.7 43.8 190.6 43.3 23.52 True 58
1610373600 1610373600 181.8 43.0 181.2 43.3 57.17 True 1
1610377200 1610377200 174.8 42.7 175.2 43.5 50.23 False 63
1610380800 1610380800 190.3 48.0 189.8 48.2 50.98 True 28
1610384400 1610384400 182.9 48.3 182.1 48.4 43.87 True 64
1610388000 1610388000 182.1 44.3 182.9 44.7 28.49 True 86
1610391600 1610391600 177.0 46.1 177.6 46.9 48.59 False 15
1610395200 1610395200 180.5 45.0 180.8 44.9 61.36 False 58
1610398800 1610398800 172.4 44.9 172.2 44.4 57.16 True 57
1610402400 1610402400 184.0 46.9 184.8 47.8 44.25 True 23
1610406000 1610406000 178.1 45.9 177.4 46.6 50.5 False 1
1610409600 1610409600 180.7 45.7 180.7 45.1 46.26 False 48
1610413200 1610413200 186.0 44.4 186.2 44.8 29.86 False 73
1610416800 1610416800 181.4 46.6 182.0 46.8 51.68 False 13
1610420400 1610420400 181.3 44.4 180.5 44.4 64.83 False 71
1610424000 1610424000 181.4 45.1 179.9 44.5 69.06 False 72
1610427600 1610427600 176.3 45.4 176.4 44.7 47.83 False 14
1610431200 1610431200 184.2 42.6 184.4 42.3 55.84 False 37
1610434800 1610434800 187.7 44.4 187.8 44.4 31.62 True 70
1610438400 1610438400 183.8 44.4 183.4 45.2 38.02 True 91
1610442000 1610442000 184.4 45.2 184.4 44.5 54.03 True 71
1610445600 1610445600 175.6 42.8 174.8 43.3 54.84 True 32
1610449200 1610449200 175.7 42.6 175.9 42.7 34.66 True 8
1610452800 1610452800 172.8 48.2 173.2 48.6 41.26 False 3
1610456400 1610456400 186.2 47.3 185.8 48.3 42.04 False 5
1610460000 1610460000 178.7 46.8 177.7 46.6 57.43 False 47
1610463600 1610463600 187.0 48.6 186.9 48.7 47.41 True 65
1610467200 1610467200 176.1 45.8 176.0 45.0 50.42 False 30
1610470800 1610470800 177.8 44.8 177.8 44.5 60.99 True 43
1610474400 1610474400 180.5 46.0 181.2 46.8 55.35 True 75
1610478000 1610478000 184.6 41.2 184.7 42.2 39.9 False 72
1610481600 1610481600 180.3 42.8 181.3 42.9 50.67 True 92
1610485200 1610485200 181.1 46.5 181.3 46.5 39.24 True 26
1610488800 1610488800 180.1 45.1 179.6 45.3 51.26 True 24
1610492400 1610492400 180.9 42.4 181.5 42.5 61.75 True 30
1610496000 1610496000 174.4 46.3 174.4 47.4 58.67 False 77
1610499600 1610499600 180.4 47.0 180.2 46.5 56.99 True 50
1610503200 1610503200 179.1 46.3 179.2 45.5 54.75 False 42
1610506800 1610506800 179.7 44.9 179.8 44.5 59.59 True 93
1610510400 1610510400 182.5 43.3 181.7 42.6 52.82 True 1
1610514000 1610514000 176.6 45.2 176.2 45.3 57.6 False 23
1610517600 1610517600 179.6 45.9 180.2 45.9 51.55 False 10
1610521200 1610521200 178.5 44.3 178.6 43.6 55.32 True 11
1610524800 1610524800 182.1 46.2 182.4 46.2 52.55 False 6
1610528400 1610528400 183.9 45.6 184.4 45.5 59.93 False 76
1610532000 1610532000 175.2 45.7 176.1 45.8 60.7 True 3
1610535600 1610535600 182.9 40.9 182.6 40.6 44.69 True 19
1610539200 1610539200 190.3 47.2 189.9 47.0 39.67 True 69
1610542800 1610542800 172.6 48.4 172.1 48.3 48.13 False 61
1610546400 1610546400 175.8 44.2 175.5 44.9 68.96 False 45
1610550000 1610550000 175.6 42.0 175.1 41.4 56.81 True 31
1610553600 1610553600 178.6 46.3 178.6 46.0 26.84 True 10
1610557200 1610557200 188.1 44.1 188.0 44.1 57.34 False 83
1610560800 1610560800 180.1 43.1 180.4 43.1 40.54 False 0
1610564400 1610564400 176.5 47.4 175.9 48.0 50.98 False 33
1610568000 1610568000 183.1 42.2 182.8 42.0 34.75 True 52
1610571600 1610571600 177.0 46.4 177.2 46.6 26.55 True 14
1610575200 1610575200 185.6 42.5 185.9 42.5 67.01 False 64
1610578800 1610578800 181.5 47.9 180.3 47.5 60.04 False 86
1610582400 1610582400 186.9 46.0 186.6 45.8 65.66 True 97
1610586000 1610586000 176.7 44.5 176.6 44.5 56.15 True 68
1610589600 1610589600 195.2 45.3 194.2 44.9 35.35 True 52
1610593200 1610593200 184.1 46.2 184.3 47.5 70.82 True 26
1610596800 1610596800 183.3 46.7 183.9 46.8 21.98 False 21
1610600400 1610600400 179.7 46.7 178.7 47.2 48.71 False 48
1610604000 1610604000 176.4 46.1 175.6 46.9 43.46 False 79
1610607600 1610607600 175.7 44.0 176.2 45.0 43.06 True 54
1610611200 1610611200 179.3 46.3 179.9 45.4 27.13 True 67
1610614800 1610614800 176.0 42.4 175.4 42.1 35.33 False 76
1610618400 1610618400 181.4 47.0 180.9 46.3 45.98 False 43
1610622000 1610622000 175.9 46.7 176.2 46.5 64.19 True 32
1610625600 1610625600 183.1 47.8 183.0 47.6 40.54 True 45
1610629200 1610629200 184.8 43.8 184.5 43.1 54.91 False 60
1610632800 1610632800 176.5 45.4 177.3 46.0 55.37 True 32
1610636400 1610636400 186.0 46.7 186.1 47.3 59.38 True 24
1610640000 1610640000 178.8 45.6 177.9 45.2 44.19 False 44
1610643600 1610643600 185.8 44.1 185.9 44.4 61.96 False 95
1610647200 1610647200 182.2 45.6 181.5 46.0 38.67 True 86
1610650800 1610650800 185.6 45.1 186.0 45.4 56.51 False 48
1610654400 1610654400 175.0 47.0 175.5 46.3 42.88 False 19
1610658000 1610658000 179.5 43.7 179.7 44.9 42.29 False 89
1610661600 1610661600 187.3 45.7 187.8 46.7 44.01 False 83
1610665200 1610665200 176.9 45.6 177.9 45.4 34.6 False 24
1610668800 1610668800 169.8 46.5 170.2 46.3 40.56 False 89
1610672400 1610672400 170.3 44.9 170.1 44.2 53.42 True 48
1610676000 1610676000 167.5 45.3 167.0 45.6 56.81 False 98
1610679600 1610679600 169.4 44.9 169.5 44.9 48.75 False 9
1610683200 1610683200 177.9 45.1 177.4 45.3 60.16 True 29
1610686800 1610686800 186.4 45.0 185.7 44.8 34.72 True 9
1610690400 1610690400 177.8 44.3 177.6 43.7 49.34 True 41
1610694000 1610694000 181.6 50.7 180.7 50.2 57.32 False 88
1610697600 1610697600 179.5 43.3 178.8 43.0 58.43 True 75
1610701200 1610701200 180.0 42.7 180.3 42.8 50.01 True 46
1610704800 1610704800 179.2 43.4 179.0 43.3 72.43 False 66
1610708400 1610708400 179.1 43.6 178.9 44.0 52.19 True 76
1610712000 1610712000 182.3 45.0 182.3 45.3 38.58 True 73
1610715600 1610715600 174.1 47.9 173.1 48.4 52.98 True 76
1610719200 1610719200 185.1 48.4 185.2 48.5 34.99 True 98
1610722800 1610722800 184.6 45.5 184.6 46.4 60.25 False 40
1610726400 1610726400 179.0 40.0 179.0 41.1 46.78 False 40
1610730000 1610730000 184.0 45.8 184.2 45.6 45.83 True 8
1610733600 1610733600 176.5 42.4 175.4 41.9 52.83 True 44
1610737200 1610737200 177.3 44.0 178.3 44.4 48.83 True 0
1610740800 1610740800 180.8 42.7 180.6 43.0 29.8 True 13
1610744400 1610744400 179.0 45.9 178.3 46.3 27.59 False 50
1610748000 1610748000 177.8 43.7 177.9 43.5 46.71 False 89
1610751600 1610751600 176.6 46.5 176.0 46.0 52.17 True 97
1610755200 1610755200 177.2 46.0 177.2 45.9 55.48 False 46
1610758800 1610758800 184.7 44.5 185.0 45.4 47.31 True 18
1610762400 1610762400 170.3 45.2 169.6 45.1 41.61 False 13
1610766000 1610766000 181.8 46.8 182.2 47.1 51.06 True 33
1610769600 1610769600 178.8 44.3 178.9 44.0 41.49 True 82
1610773200 1610773200 183.6 46.8 183.8 46.4 50.21 True 36
1610776800 1610776800 182.6 45.0 182.8 44.6 34.65 False 74
1610780400 1610780400 166.1 45.5 166.4 44.4 46.69 False 93
1610784000 1610784000 182.9 46.6 183.5 46.3 31.0 True 92
1610787600 1610787600 181.6 47.7 182.0 48.1 68.6 True 36
1610791200 1610791200 180.1 46.0 180.3 46.0 45.33 True 78
1610794800 1610794800 177.7 45.1 177.3 44.7 59.65 True 69
1610798400 1610798400 184.3 46.4 184.4 46.4 45.3 True 35
1610802000 1610802000 177.9 41.9 177.6 42.0 49.67 True 63
1610805600 1610805600 189.2 48.3 188.5 48.7 51.06 False 95
1610809200 1610809200 182.8 42.3 182.8 41.9 41.96 False 30
1610812800 1610812800 190.7 46.8 190.2 46.8 45.28 False 93
1610816400 1610816400 176.1 43.9 176.7 44.1 46.12 False 0
1610820000 1610820000 171.2 46.0 171.2 46.5 56.23 True 99
1610823600 1610823600 183.6 44.8 183.6 44.2 42.26 True 7
1610827200 1610827200 184.3 45.6 184.7 45.4 53.64 False 68
1610830800 1610830800 180.2 43.4 180.0 42.5 56.52 True 36
1610834400 1610834400 172.3 40.7 172.2 40.3 42.7 False 39
1610838000 1610838000 177.8 45.8 178.4 46.0 50.96 False 16
1610841600 1610841600 183.1 43.8 182.4 44.7 55.95 True 38
1610845200 1610845200 179.1 43.7 178.7 43.6 55.48 True 32
1610848800 1610848800 179.4 43.5 179.3 43.3 53.15 False 87
1610852400 1610852400 179.1 49.0 179.5 48.5 65.89 True 57
1610856000 1610856000 175.3 43.8 175.4 43.1 40.38 False 60
1610859600 1610859600 177.3 45.7 176.7 45.3 69.99 True 29
1610863200 1610863200 172.9 42.7 172.4 43.0 40.01 True 50
1610866800 1610866800 188.8 48.0 189.6 47.0 43.43 True 53
1610870400 1610870400 177.6 43.9 177.8 43.8 56.36 True 73
1610874000 1610874000 182.4 39.8 182.1 39.5 72.58 True 81
1610877600 1610877600 174.9 50.4 174.7 49.9 40.97 False 5
1610881200 1610881200 184.0 42.8 185.9 42.9 34.84 False 84
1610884800 1610884800 170.6 47.6 171.3 47.2 50.21 True 28
1610888400 1610888400 184.6 46.5 183.8 46.0 44.97 True 69
1610892000 1610892000 179.8 46.3 179.6 46.0 69.83 False 84
1610895600 1610895600 190.6 44.5 191.0 43.7 53.94 True 61
1610899200 1610899200 173.5 45.4 173.4 44.6 43.02 True 33
1610902800 1610902800 180.4 47.4 181.0 47.0 58.34 True 92
1610906400 1610906400 181.8 44.4 182.7 43.8 57.12 False 40
1610910000 1610910000 186.2 45.5 186.2 45.9 34.83 False 82
1610913600 1610913600 177.9 46.9 178.0 46.9 78.19 False 73
1610917200 1610917200 180.4 45.2 180.3 44.6 55.6 True 44
1610920800 1610920800 169.3 44.2 169.7 44.1 49.82 True 57
1610924400 1610924400 175.8 47.9 176.5 48.3 48.72 False 96
1610928000 1610928000 182.3 45.7 182.8 46.0 69.18 True 9
1610931600 1610931600 185.5 44.7 185.0 45.6 53.39 False 1
1610935200 1610935200 178.6 43.4 179.0 43.0 52.32 False 82
1610938800 1610938800 190.3 43.0 190.0 43.6 31.96 False 84
1610942400 1610942400 188.8 46.8 189.7 46.6 43.63 True 83
1610946000 1610946000 179.7 46.9 179.9 46.9 33.27 True 23
1610949600 1610949600 167.9 40.7 168.4 40.3 52.09 False 51
1610953200 1610953200 171.1 43.8 171.1 43.3 55.33 False 64
1610956800 1610956800 176.1 46.9 176.1 47.8 17.47 False 38
1610960400 1610960400 185.6 49.8 185.8 50.7 48.69 False 36
1610964000 1610964000 181.6 49.3 181.6 49.4 32.4 False 20
1610967600 1610967600 169.5 46.9 170.3 47.3 54.98 True 9
1610971200 1610971200 178.9 47.7 178.3 47.8 54.1 True 82
1610974800 1610974800 188.1 43.9 188.4 44.7 38.75 False 43
1610978400 1610978400 178.1 46.5 177.8 45.6 50.1 True 68
1610982000 1610982000 176.3 42.5 176.7 43.3 53.02 False 19
1610985600 1610985600 190.3 43.9 189.4 43.1 52.34 False 57
1610989200 1610989200 180.3 45.6 180.9 46.4 70.52 False 85
1610992800 1610992800 177.6 49.3 177.4 50.4 53.51 True 29
1610996400 1610996400 181.8 46.5 181.2 45.9 36.63 False 34
1611000000 1611000000 180.1 45.5 180.5 45.1 50.63 True 30
1611003600 1611003600 177.9 44.7 177.8 44.7 51.51 False 13
1611007200 1611007200 186.0 42.4 186.1 42.8 49.3 False 32
1611010800 1611010800 185.6 46.2 186.2 45.1 47.57 True 55
1611014400 1611014400 184.2 44.3 183.7 44.2 59.84 False 90
1611018000 1611018000 179.5 45.5 179.1 45.8 69.63 False 40
1611021600 1611021600 185.7 43.2 185.7 43.6 64.99 True 65
1611025200 1611025200 179.8 45.2 180.1 45.5 43.06 False 67
1611028800 1611028800 182.3 41.9 181.9 41.7 43.49 True 72
1611032400 1611032400 185.2 46.0 184.8 45.8 56.48 False 84
1611036000 1611036000 184.0 47.6 184.4 47.3 53.0 False 32
1611039600 1611039600 188.9 46.8 189.4 48.1 70.88 True 10
1611043200 1611043200 182.3 49.2 183.0 48.7 55.63 True 87
1611046800 1611046800 171.6 45.6 171.5 45.7 41.7 True 66
1611050400 1611050400 174.2 46.0 172.9 45.8 35.33 True 64
1611054000 1611054000 186.8 46.0 187.1 45.9 52.08 False 54
1611057600 1611057600 178.3 43.2 178.7 43.4 67.51 True 81
1611061200 1611061200 181.9 49.3 181.2 49.0 42.06 False 5
1611064800 1611064800 175.7 47.0 175.7 47.0 50.17 True 3
1611068400 1611068400 185.0 44.5 185.1 44.3 51.75 False 80
1611072000 1611072000 178.1 43.2 178.3 43.6 43.78 False 71
1611075600 1611075600 187.3 46.2 187.1 46.0 60.79 False 37
1611079200 1611079200 177.3 46.7 177.3 46.7 62.64 True 94
1611082800 1611082800 185.6 45.3 185.9 45.3 50.44 True 22
1611086400 1611086400 183.4 45.4 182.5 46.3 31.38 True 54
1611090000 1611090000 176.4 44.6 176.9 45.5 45.2 False 53
1611093600 1611093600 185.5 45.0 185.3 44.4 49.41 True 33
1611097200 1611097200 175.5 47.7 175.9 47.3 50.88 True 86
1611100800 1611100800 175.9 47.8 175.5 47.1 49.76 True 40
1611104400 1611104400 183.6 42.0 182.7 41.8 51.21 True 59
1611108000 1611108000 176.9 45.3 177.5 45.2 42.84 False 40
1611111600 1611111600 177.0 42.6 177.8 42.2 49.63 False 34
1611115200 1611115200 178.3 42.3 177.4 42.5 57.81 True 59
1611118800 1611118800 175.0 46.2 174.4 45.9 43.43 False 50
1611122400 1611122400 185.2 43.3 185.2 43.3 56.07 True 2
1611126000 1611126000 183.0 38.7 182.5 37.7 55.57 True 11
1611129600 1611129600 179.7 46.3 180.1 46.6 59.98 False 25
1611133200 1611133200 179.5 47.6 179.1 47.1 47.03 False 40
1611136800 1611136800 182.3 49.1 182.0 48.9 31.2 True 38
1611140400 1611140400 188.8 44.2 188.9 44.5 54.65 False 42
1611144000 1611144000 184.4 47.9 183.3 47.2 66.95 False 55
1611147600 1611147600 177.5 39.8 177.3 40.3 65.76 False 59
1611151200 1611151200 183.9 42.9 184.9 43.0 59.56 True 16
1611154800 1611154800 179.4 46.0 179.7 46.1 67.32 True 32
1611158400 1611158400 179.0 45.9 178.5 45.2 46.75 True 27
1611162000 1611162000 189.3 47.6 189.8 46.9 59.48 False 41
1611165600 1611165600 177.9 46.9 178.9 46.9 43.96 True 83
1611169200 1611169200 177.6 44.8 178.2 44.6 45.23 False 39
1611172800 1611172800 170.2 48.1 169.9 47.8 54.62 True 36
1611176400 1611176400 173.0 46.4 172.7 46.3 46.83 False 82
1611180000 1611180000 182.3 48.4 182.1 47.9 40.98 False 69
1611183600 1611183600 176.5 43.4 176.0 43.3 58.14 True 59
1611187200 1611187200 182.6 45.6 182.6 45.9 52.15 True 76
1611190800 1611190800 174.4 44.1 173.9 43.6 64.3 False 33
1611194400 1611194400 176.2 46.6 175.8 46.2 36.76 False 95
1611198000 1611198000 183.4 44.6 183.6 44.5 45.79 False 16
1611201600 1611201600 187.3 44.5 187.0 44.2 44.83 False 85
1611205200 1611205200 183.0 42.3 182.9 42.2 47.67 False 68
1611208800 1611208800 186.0 45.6 187.1 45.6 57.21 True 8
1611212400 1611212400 188.5 47.2 188.7 46.3 38.41 False 34
1611216000 1611216000 185.2 47.0 185.8 47.8 60.71 False 12
1611219600 1611219600 175.4 39.0 175.6 38.9 45.01 True 38
1611223200 1611223200 179.5 41.8 179.8 41.8 61.58 False 36
1611226800 1611226800 183.2 49.0 182.5 48.4 65.01 True 33
1611230400 1611230400 177.9 44.6 177.6 44.4 68.43 False 92
1611234000 1611234000 182.3 44.7 182.2 44.5 39.87 False 79
1611237600 1611237600 172.1 47.3 171.9 46.8 46.24 True 52
1611241200 1611241200 175.9 45.4 175.8 45.3 57.48 True 30
1611244800 1611244800 182.6 43.7 182.7 42.9 59.44 False 5
1611248400 1611248400 168.8 44.6 168.7 45.7 45.74 False 72
1611252000 1611252000 174.5 48.8 174.8 48.9 58.06 False 66
1611255600 1611255600 179.9 42.2 179.8 42.4 50.57 True 65
1611259200 1611259200 171.4 47.6 171.9 47.7 44.49 True 27
1611262800 1611262800 180.3 44.4 180.3 44.0 43.96 False 71
1611266400 1611266400 176.0 44.5 175.7 44.5 62.35 False 25
1611270000 1611270000 178.5 48.7 177.9 47.3 48.97 False 56
1611273600 1611273600 178.7 43.7 178.3 43.2 46.31 True 25
1611277200 1611277200 180.9 46.7 180.8 47.0 68.93 True 36
1611280800 1611280800 177.2 44.3 177.8 44.1 51.87 True 18
1611284400 1611284400 180.4 42.1 179.8 41.0 37.66 True 26
1611288000 1611288000 177.0 44.7 177.5 44.0 51.05 False 56
1611291600 1611291600 182.8 47.3 182.8 47.7 47.78 False 56
1611295200 1611295200 188.5 44.6 188.1 43.7 46.6 True 81
1611298800 1611298800 181.0 46.1 180.3 46.1 53.1 False 27
1611302400 1611302400 180.8 45.4 181.1 44.5 27.35 False 72
1611306000 1611306000 174.2 45.1 173.2 45.5 52.35 False 81
1611309600 1611309600 183.5 44.2 183.3 44.4 40.03 False 27
1611313200 1611313200 176.2 45.3 176.0 45.7 55.3 False 78
1611316800 1611316800 176.0 40.9 175.9 40.7 55.7 False 1
1611320400 1611320400 182.8 44.1 183.1 44.3 23.15 True 33
1611324000 1611324000 180.9 41.4 180.6 41.5 54.9 False 81
1611327600 1611327600 185.5 45.5 185.6 44.8 56.42 False 16
1611331200 1611331200 187.2 45.7 186.6 45.7 52.33 True 29
1611334800 1611334800 177.3 43.4 177.3 43.0 42.39 False 8
1611338400 1611338400 180.6 46.6 180.9 46.0 62.44 True 90
1611342000 1611342000 188.8 45.8 188.6 45.2 58.5 True 46
1611345600 1611345600 184.8 45.6 185.0 46.1 40.46 True 15
1611349200 1611349200 183.6 44.3 183.7 44.7 51.33 True 1
1611352800 1611352800 186.5 45.9 186.3 45.7 63.96 False 95
1611356400 1611356400 177.0 47.1 177.0 46.1 61.49 True 0
1611360000 1611360000 183.2 43.7 183.1 44.0 60.9 True 18
1611363600 1611363600 187.0 43.4 186.0 44.0 48.59 True 70
1611367200 1611367200 188.1 47.4 187.4 47.7 61.84 True 87
1611370800 1611370800 176.0 40.4 176.2 40.3 65.55 False 27
1611374400 1611374400 178.7 39.8 177.7 39.1 70.49 True 66
1611378000 1611378000 181.9 41.4 182.5 41.3 56.86 True 23
1611381600 1611381600 178.6 45.4 177.9 44.9 54.41 True 22
1611385200 1611385200 178.0 45.3 178.0 44.9 55.48 True 53
1611388800 1611388800 183.4 46.0 183.6 46.0 49.15 False 32
1611392400 1611392400 178.2 45.2 177.9 44.9 50.31 True 21
1611396000 1611396000 171.1 48.1 171.7 48.1 50.19 True 42
1611399600 1611399600 181.8 48.2 181.1 48.7 45.0 True 58
1611403200 1611403200 177.9 47.3 178.4 46.5 49.94 True 35
1611406800 1611406800 176.3 42.7 176.4 42.8 48.4 False 29
1611410400 1611410400 172.2 45.7 172.1 45.9 54.5 True 85
1611414000 1611414000 185.1 43.3 185.6 43.1 48.8 False 91
1611417600 1611417600 168.9 44.0 169.2 43.0 53.86 False 4
1611421200 1611421200 171.5 43.0 170.9 42.6 54.56 True 7
1611424800 1611424800 178.6 45.0 179.3 46.1 52.84 True 67
1611428400 1611428400 186.1 46.1 186.6 46.5 73.66 True 29
1611432000 1611432000 186.5 45.2 186.6 44.6 59.83 True 52
1611435600 1611435600 174.2 42.6 174.3 42.4 34.18 False 25
1611439200 1611439200 179.1 41.9 179.8 41.7 37.31 False 0
1611442800 1611442800 172.4 43.5 173.2 43.5 59.43 False 92
1611446400 1611446400 185.1 43.4 185.4 43.5 60.96 True 36
1611450000 1611450000 172.6 46.6 172.0 47.0 47.04 False 99
1611453600 1611453600 179.3 44.4 179.4 44.5 52.28 True 77
1611457200 1611457200 185.2 44.6 185.6 44.2 49.55 False 36
1611460800 1611460800 178.9 44.7 178.5 45.1 48.3 False 87
1611464400 1611464400 187.4 47.2 186.8 46.8 57.7 True 84
1611468000 1611468000 175.6 48.3 175.6 48.6 40.11 True 18
1611471600 1611471600 181.8 45.9 181.9 46.8 42.84 True 40
1611475200 1611475200 184.3 44.5 184.5 44.6 56.88 False 83
1611478800 1611478800 179.3 47.8 179.9 47.0 42.77 False 28
1611482400 1611482400 186.9 45.9 185.8 46.2 50.32 False 28
1611486000 1611486000 182.7 44.2 182.7 44.4 53.36 False 51
1611489600 1611489600 171.8 47.0 171.7 46.5 29.91 True 80
1611493200 1611493200 199.8 45.4 199.8 45.7 57.13 False 7
1611496800 1611496800 183.2 42.1 183.3 42.1 49.98 False 2
1611500400 1611500400 180.5 46.3 181.0 45.8 68.95 True 92
1611504000 1611504000 173.0 45.6 173.3 45.7 74.99 True 84
1611507600 1611507600 180.4 41.3 180.4 41.2 34.68 False 43
1611511200 1611511200 177.7 40.7 177.7 39.8 50.29 True 26
1611514800 1611514800 183.2 45.3 183.3 45.4 45.56 False 74
1611518400 1611518400 181.9 46.4 181.8 45.6 48.78 True 49
1611522000 1611522000 189.3 46.2 190.0 46.4 39.06 False 29
1611525600 1611525600 180.7 42.3 179.7 41.6 38.79 False 54
1611529200 1611529200 182.6 44.3 181.9 44.5 30.43 True 32
1611532800 1611532800 181.9 46.3 182.7 46.3 43.21 False 67
1611536400 1611536400 179.3 41.9 179.6 41.1 54.78 False 41
1611540000 1611540000 179.1 45.2 179.4 45.4 54.0 True 37
1611543600 1611543600 185.5 45.4 186.1 45.9 77.17 False 24
1611547200 1611547200 183.9 46.8 182.9 46.0 64.49 True 56
1611550800 1611550800 176.9 40.1 177.6 39.6 39.59 False 37
1611554400 1611554400 174.4 45.3 173.8 44.7 48.42 False 92
1611558000 1611558000 179.7 49.0 179.2 48.8 64.38 True 68
1611561600 1611561600 185.8 43.8 186.3 44.5 57.32 True 2
1611565200 1611565200 179.9 44.4 179.3 44.4 52.26 True 72
1611568800 1611568800 188.7 46.9 189.0 47.5 38.98 True 43
1611572400 1611572400 176.1 43.5 176.8 43.4 48.7 False 53
1611576000 1611576000 180.7 47.3 180.4 47.9 27.14 True 94
1611579600 1611579600 167.4 46.1 167.1 45.7 64.12 True 81
1611583200 1611583200 177.0 41.9 177.3 41.6 56.99 True 29
1611586800 1611586800 178.5 45.2 178.9 44.3 56.3 False 28
1611590400 1611590400 182.6 42.1 182.8 42.5 47.64 True 68
1611594000 1611594000 188.6 46.9 187.8 46.8 37.52 False 74
1611597600 1611597600 180.2 41.6 181.0 41.3 48.95 True 59
1611601200 1611601200 187.3 41.4 187.6 40.8 56.96 False 49
1611604800 1611604800 183.3 42.7 182.1 43.0 65.76 False 67
1611608400 1611608400 184.9 43.4 184.5 43.5 45.59 False 20
1611612000 1611612000 177.7 47.6 177.2 47.1 34.95 False 24
1611615600 1611615600 186.9 45.0 186.5 45.6 56.0 True 22
1611619200 1611619200 174.6 45.6 174.7 45.6 59.94 True 0
1611622800 1611622800 182.5 47.1 182.1 47.0 49.57 False 6
1611626400 1611626400 175.2 43.6 175.8 44.5 56.42 True 2
1611630000 1611630000 177.4 43.8 178.0 43.7 68.47 True 18
1611633600 1611633600 172.7 43.3 172.7 43.2 46.29 True 25
1611637200 1611637200 177.4 46.6 176.9 46.4 56.25 False 15
1611640800 1611640800 181.8 48.3 181.8 49.4 54.94 True 31
1611644400 1611644400 179.7 45.5 179.9 46.6 56.92 False 62
1611648000 1611648000 173.3 43.8 173.9 44.3 52.45 True 18
1611651600 1611651600 187.4 44.0 187.2 43.9 60.5 True 61
1611655200 1611655200 181.7 42.8 181.7 42.5 49.03 True 54
1611658800 1611658800 185.0 46.5 184.5 46.7 34.24 False 88
1611662400 1611662400 183.9 42.9 183.7 42.9 53.21 False 28
1611666000 1611666000 176.7 44.5 177.3 43.7 53.91 True 62
1611669600 1611669600 170.3 42.7 171.1 43.3 49.14 False 3
1611673200 1611673200 175.4 41.2 175.2 40.9 46.24 False 82
1611676800 1611676800 186.1 39.9 186.0 40.2 52.75 False 79
1611680400 1611680400 174.7 43.2 174.3 43.1 35.3 True 30
1611684000 1611684000 184.1 45.4 183.3 45.4 63.27 True 1
1611687600 1611687600 176.9 44.4 177.1 43.7 47.11 False 61
1611691200 1611691200 182.0 44.6 182.2 44.2 47.09 False 36
1611694800 1611694800 170.9 42.9 171.2 42.6 46.6 True 28
1611698400 1611698400 185.8 43.1 185.8 43.1 35.98 False 72
1611702000 1611702000 179.8 42.9 180.1 43.1 53.26 False 23
1611705600 1611705600 184.4 45.4 184.5 45.3 52.03 False 56
1611709200 1611709200 180.9 49.1 181.5 48.7 59.86 False 11
1611712800 1611712800 184.0 44.7 184.2 45.2 51.59 True 38
1611716400 1611716400 179.5 42.3 180.2 42.3 52.47 False 64
1611720000 1611720000 183.7 47.5 184.2 47.7 69.3 True 76
1611723600 1611723600 172.5 43.0 172.7 43.2 47.49 True 38
1611727200 1611727200 174.6 46.1 174.0 45.7 51.66 False 87
1611730800 1611730800 183.6 44.1 183.9 43.8 44.42 True 2
1611734400 1611734400 179.8 45.2 180.0 45.6 46.4 False 84
1611738000 1611738000 178.9 51.9 179.9 52.9 49.64 False 40
1611741600 1611741600 179.1 43.5 179.5 43.7 35.16 False 28
1611745200 1611745200 182.5 43.8 181.9 43.5 47.64 True 81
1611748800 1611748800 177.0 45.8 176.6 46.4 55.32 True 21
1611752400 1611752400 182.6 45.0 183.1 44.2 61.22 True 37
1611756000 1611756000 175.4 44.2 175.3 43.8 55.91 False 94
1611759600 1611759600 178.0 43.6 177.4 44.2 69.7 True 63
1611763200 1611763200 184.9 46.2 185.1 46.0 57.31 False 39
1611766800 1611766800 185.4 47.2 185.6 48.0 44.22 False 88
1611770400 1611770400 174.5 43.1 174.4 42.2 48.36 True 30
1611774000 1611774000 184.2 42.7 184.6 42.4 60.09 False 70
1611777600 1611777600 174.8 48.7 174.7 48.9 67.96 True 17
1611781200 1611781200 183.7 42.1 184.6 42.2 62.47 True 33
1611784800 1611784800 170.5 46.4 170.0 46.5 56.26 False 37
1611788400 1611788400 174.4 45.9 174.9 45.9 65.68 True 22
1611792000 1611792000 177.5 42.8 178.0 42.5 54.91 False 86
1611795600 1611795600 179.2 46.5 179.8 47.0 54.64 False 10
1611799200 1611799200 187.1 42.8 187.0 42.5 60.01 False 10
1611802800 1611802800 184.5 42.8 184.3 42.2 51.48 True 20
1611806400 1611806400 187.9 42.2 188.8 42.1 46.13 False 66
1611810000 1611810000 186.0 46.7 186.3 45.4 36.69 True 44
1611813600 1611813600 178.6 44.1 178.3 44.5 41.97 True 3
1611817200 1611817200 178.7 47.2 179.1 47.4 52.63 False 36
1611820800 1611820800 185.3 43.4 186.1 43.4 48.32 True 21
1611824400 1611824400 180.2 46.2 180.5 45.9 68.06 False 42
1611828000 1611828000 179.2 47.8 178.8 46.9 41.42 False 67
1611831600 1611831600 173.3 44.8 173.8 43.9 28.45 False 63
1611835200 1611835200 179.5 42.7 178.7 43.0 36.93 False 42
1611838800 1611838800 166.0 44.3 166.4 44.3 43.36 True 67
1611842400 1611842400 177.7 47.5 178.2 47.7 40.2 True 16
1611846000 1611846000 175.1 46.5 175.0 46.4 45.08 False 93
1611849600 1611849600 183.5 44.2 183.6 44.4 52.21 True 30
1611853200 1611853200 177.6 41.5 177.7 40.7 47.14 False 44
1611856800 1611856800 178.4 46.4 178.1 46.7 45.54 True 75
1611860400 1611860400 186.7 48.3 186.3 48.5 52.12 True 79
1611864000 1611864000 174.8 48.3 174.7 48.7 46.03 False 42
1611867600 1611867600 181.6 45.9 181.3 46.0 57.06 True 78
1611871200 1611871200 170.5 44.6 171.3 44.1 50.65 True 2
1611874800 1611874800 180.4 43.4 179.7 43.6 47.73 False 76
1611878400 1611878400 182.1 43.9 183.0 43.3 54.89 False 38
1611882000 1611882000 184.3 41.7 184.2 42.2 41.32 True 82
1611885600 1611885600 175.5 49.3 175.1 49.5 45.35 False 19
1611889200 1611889200 181.6 44.9 181.3 44.6 39.77 True 35
1611892800 1611892800 181.6 49.8 181.1 50.0 46.3 True 12
1611896400 1611896400 179.9 44.9 178.9 45.7 43.43 False 95
1611900000 1611900000 180.8 41.8 181.2 41.3 48.93 False 8
1611903600 1611903600 182.3 48.7 182.2 49.5 39.21 False 9
1611907200 1611907200 182.0 43.3 181.6 43.3 38.43 True 98
1611910800 1611910800 175.0 44.1 174.3 44.7 66.38 False 6
1611914400 1611914400 174.0 48.3 173.7 48.4 72.39 False 56
1611918000 1611918000 192.5 47.9 191.9 48.1 65.64 False 62
1611921600 1611921600 189.6 40.9 190.2 41.8 51.41 True 8
1611925200 1611925200 173.0 45.0 172.1 45.1 29.82 False 18
1611928800 1611928800 182.3 42.8 181.8 42.7 59.19 True 94
1611932400 1611932400 183.1 46.1 182.7 46.2 49.56 False 3
1611936000 1611936000 183.8 48.6 184.0 49.1 45.83 False 68
1611939600 1611939600 180.7 44.0 180.8 43.9 55.22 True 7
1611943200 1611943200 175.4 48.0 175.3 47.5 55.61 True 57
1611946800 1611946800 179.1 43.1 179.0 43.0 65.62 True 10
1611950400 1611950400 177.5 49.3 177.7 49.6 70.89 True 24
1611954000 1611954000 180.7 43.3 180.3 43.3 53.3 False 41
1611957600 1611957600 178.7 44.1 178.9 44.3 43.7 True 56
1611961200 1611961200 179.3 45.6 178.6 45.2 51.94 False 4
1611964800 1611964800 185.1 42.2 185.4 42.9 36.76 False 37
1611968400 1611968400 186.2 48.1 185.9 48.3 46.34 True 18
1611972000 1611972000 174.1 42.9 174.7 43.1 39.39 False 17
1611975600 1611975600 177.7 46.2 177.1 46.2 59.39 True 65
1611979200 1611979200 176.0 42.4 175.8 42.7 62.75 False 24
1611982800 1611982800 186.1 45.2 185.7 45.2 47.48 True 79
1611986400 1611986400 179.7 45.0 180.2 44.9 54.89 True 3
1611990000 1611990000 187.2 44.2 186.5 44.6 53.91 False 37
1611993600 1611993600 177.6 46.0 178.0 45.8 57.94 False 63
1611997200 1611997200 180.1 42.8 180.3 42.8 49.61 True 73
1612000800 1612000800 173.3 48.0 173.6 47.3 60.86 True 95
1612004400 1612004400 186.5 45.4 186.2 45.3 44.75 False 40
1612008000 1612008000 178.2 39.4 178.4 38.8 60.51 True 13
1612011600 1612011600 172.6 49.0 173.5 48.5 62.23 True 38
1612015200 1612015200 177.0 45.9 176.7 45.6 49.67 False 34
1612018800 1612018800 168.5 48.1 168.6 49.1 54.53 True 79
1612022400 1612022400 179.8 44.6 179.7 45.2 50.93 False 44
1612026000 1612026000 180.6 40.5 180.0 40.7 55.98 True 48
1612029600 1612029600 181.4 44.2 181.0 44.4 56.76 False 6
1612033200 1612033200 187.5 42.5 187.8 43.1 52.6 False 28
1612036800 1612036800 178.5 44.9 178.5 43.9 47.76 False 10
1612040400 1612040400 184.0 44.0 182.8 43.4 58.25 False 26
1612044000 1612044000 181.6 45.4 181.9 45.4 54.62 False 44
1612047600 1612047600 179.0 41.5 178.8 41.1 73.83 True 86
1612051200 1612051200 169.6 45.1 170.1 44.5 39.23 True 57
1612054800 1612054800 184.7 44.1 184.4 43.9 69.46 True 68
1612058400 1612058400 177.5 46.3 178.7 46.6 54.19 False 6
1612062000 1612062000 180.1 41.6 179.6 42.1 58.05 True 93
1612065600 1612065600 173.6 44.1 174.0 44.1 43.85 False 68
1612069200 1612069200 181.4 48.3 180.9 48.4 45.98 False 90
1612072800 1612072800 180.5 42.6 180.6 42.9 53.63 False 81
1612076400 1612076400 180.1 46.5 179.5 45.2 50.31 True 89
1612080000 1612080000 179.3 47.7 179.9 48.0 36.2 True 48
1612083600 1612083600 185.2 45.0 185.2 44.0 50.81 False 97
1612087200 1612087200 184.8 47.0 185.5 47.2 50.89 False 45
1612090800 1612090800 183.6 47.1 183.6 47.4 45.42 True 65
1612094400 1612094400 196.6 48.1 195.8 48.4 60.31 False 53
1612098000 1612098000 177.0 44.3 176.6 44.0 62.23 True 89
1612101600 1612101600 178.1 44.8 177.9 45.1 41.86 False 92
1612105200 1612105200 174.9 46.6 175.6 46.9 46.99 False 83
1612108800 1612108800 182.2 43.5 183.6 44.0 44.44 False 18
1612112400 1612112400 176.6 45.1 176.5 44.3 51.8 False 25
1612116000 1612116000 166.5 43.6 166.7 43.2 60.3 True 6
1612119600 1612119600 173.9 40.3 174.5 40.5 54.44 False 79
1612123200 1612123200 180.4 45.7 179.8 45.6 48.35 False 6
1612126800 1612126800 185.0 48.4 184.8 48.7 44.93 True 3
1612130400 1612130400 172.2 44.3 172.5 44.5 65.25 False 57
1612134000 1612134000 176.9 45.2 177.1 45.3 63.06 True 31
1612137600 1612137600 179.3 44.1 179.3 44.3 54.94 False 25
1612141200 1612141200 176.4 43.5 175.9 43.6 37.9 True 81
1612144800 1612144800 182.7 45.3 182.8 44.9 59.86 False 59
1612148400 1612148400 180.0 47.1 180.4 47.4 51.47 True 9
1612152000 1612152000 181.6 49.4 181.2 49.1 40.26 True 12
1612155600 1612155600 176.4 46.7 176.4 47.5 64.14 True 48
1612159200 1612159200 187.7 43.1 188.7 43.6 55.42 True 4
1612162800 1612162800 180.0 42.1 180.2 41.8 36.58 False 46
1612166400 1612166400 186.5 47.6 186.8 47.7 47.48 True 33
1612170000 1612170000 177.8 45.6 177.3 44.9 48.55 False 37
1612173600 1612173600 183.0 43.8 182.7 43.8 44.69 False 10
1612177200 1612177200 176.6 42.9 176.4 43.7 56.29 False 63
1612180800 1612180800 175.2 43.4 174.8 43.5 60.51 True 96
1612184400 1612184400 176.5 47.5 175.9 48.0 46.35 False 22
1612188000 1612188000 179.8 45.0 179.0 45.6 70.33 True 21
1612191600 1612191600 178.9 42.2 178.8 42.3 52.68 True 24
1612195200 1612195200 187.7 46.7 188.1 47.3 68.18 False 81
1612198800 1612198800 174.3 45.6 174.6 45.5 54.8 False 6
1612202400 1612202400 174.5 44.4 174.8 44.5 60.39 True 55
1612206000 1612206000 188.5 46.2 189.0 45.4 64.58 False 70
1612209600 1612209600 183.0 43.3 182.6 42.9 44.24 True 12
1612213200 1612213200 170.6 46.9 170.3 46.7 61.17 True 58
1612216800 1612216800 182.5 42.2 182.4 42.5 41.79 True 9
1612220400 1612220400 181.2 43.2 180.8 42.6 49.65 True 65
1612224000 1612224000 169.3 42.2 169.4 42.3 51.24 False 2
1612227600 1612227600 178.2 44.2 177.9 43.4 58.58 False 43
1612231200 1612231200 179.9 43.5 180.5 43.3 32.69 False 4
1612234800 1612234800 183.7 44.3 183.3 44.0 51.86 False 5
1612238400 1612238400 184.8 45.0 185.1 45.8 49.8 True 50
1612242000 1612242000 180.5 46.1 181.3 45.7 33.79 True 53
1612245600 1612245600 185.2 45.3 184.6 45.2 32.71 True 88
1612249200 1612249200 179.3 45.5 179.0 45.9 47.25 False 41
1612252800 1612252800 175.7 48.2 175.3 47.8 34.99 False 14
1612256400 1612256400 175.3 44.5 174.8 44.7 53.03 False 50
1612260000 1612260000 182.7 42.1 182.8 42.0 39.22 False 78
1612263600 1612263600 170.2 46.9 170.5 46.4 45.61 False 92
1612267200 1612267200 183.4 48.7 183.0 48.3 43.92 False 93
1612270800 1612270800 174.5 45.4 174.2 45.8 52.39 False 72
1612274400 1612274400 178.2 46.7 178.3 46.4 54.15 True 32
1612278000 1612278000 182.5 43.7 182.7 44.1 29.04 True 52
1612281600 1612281600 186.1 45.4 185.5 45.4 28.94 False 84
1612285200 1612285200 170.3 46.3 171.5 45.9 57.88 True 5
1612288800 1612288800 176.0 45.8 175.9 45.8 39.69 False 89
1612292400 1612292400 180.2 43.9 180.2 45.0 54.42 False 26
1612296000 1612296000 177.0 48.3 176.7 48.3 53.5 False 95
1612299600 1612299600 184.3 45.3 184.2 44.9 51.85 False 11
1612303200 1612303200 169.6 46.9 169.1 47.1 50.51 True 42
1612306800 1612306800 181.8 45.8 182.6 45.6 54.27 True 15
1612310400 1612310400 182.1 46.7 181.2 46.0 38.41 True 74
1612314000 1612314000 180.2 46.9 180.1 47.1 51.3 True 26
1612317600 1612317600 185.5 44.6 185.8 44.1 54.26 False 80
1612321200 1612321200 173.9 46.7 173.1 47.3 57.95 True 51
1612324800 1612324800 185.5 49.3 185.7 49.9 56.8 True 29
1612328400 1612328400 176.5 49.0 177.2 49.3 48.18 False 79
1612332000 1612332000 183.6 46.5 183.7 46.5 51.99 False 72
1612335600 1612335600 178.4 48.4 178.4 48.0 52.09 False 98
1612339200 1612339200 184.1 42.4 184.1 42.5 42.87 False 30
1612342800 1612342800 183.9 47.9 183.8 47.5 51.39 True 28
1612346400 1612346400 172.7 45.1 173.0 45.6 52.3 True 58
1612350000 1612350000 179.2 41.4 178.8 40.7 46.17 False 32
1612353600 1612353600 179.5 45.3 179.7 46.0 51.35 True 3
1612357200 1612357200 178.8 47.0 178.6 46.9 61.7 True 32
1612360800 1612360800 176.2 43.6 175.9 43.3 44.3 True 38
1612364400 1612364400 189.3 48.9 188.7 48.3 73.61 True 27
1612368000 1612368000 181.0 47.7 181.3 48.0 51.64 True 67
1612371600 1612371600 187.8 42.4 187.5 42.6 56.31 True 29
1612375200 1612375200 177.2 47.0 177.7 47.4 60.04 False 57
1612378800 1612378800 174.7 45.2 174.7 45.1 53.38 True 54
1612382400 1612382400 180.7 43.9 180.7 43.6 43.8 False 66
1612386000 1612386000 177.2 44.4 176.7 44.5 48.35 False 55
1612389600 1612389600 192.0 44.1 191.5 43.5 56.86 False 85
1612393200 1612393200 181.2 42.6 181.5 42.5 54.79 True 51
1612396800 1612396800 185.8 44.1 185.8 43.7 22.8 False 25
1612400400 1612400400 178.9 46.4 178.9 47.0 67.01 False 9
1612404000 1612404000 178.4 47.9 178.7 48.1 47.06 False 53
1612407600 1612407600 179.8 47.9 180.1 47.7 43.67 True 85
1612411200 1612411200 181.8 43.9 181.6 43.6 55.91 True 13
1612414800 1612414800 184.2 44.8 185.6 45.3 42.54 False 77
1612418400 1612418400 179.4 43.3 181.0 43.0 54.85 False 70
1612422000 1612422000 176.6 47.1 176.8 47.0 41.09 False 13
1612425600 1612425600 174.7 41.7 174.0 42.0 49.25 False 67
1612429200 1612429200 179.6 42.3 179.2 41.9 49.91 False 78
1612432800 1612432800 182.9 43.7 183.2 44.3 59.59 True 58
1612436400 1612436400 182.3 45.5 182.0 45.6 56.63 False 73
1612440000 1612440000 179.9 44.4 179.9 45.2 47.06 False 15
1612443600 1612443600 177.0 45.1 176.0 45.1 29.04 False 62
1612447200 1612447200 180.7 45.1 180.9 46.5 42.14 True 18
1612450800 1612450800 182.9 45.5 183.5 45.7 54.3 True 84
1612454400 1612454400 179.8 42.9 179.2 43.0 57.49 True 20
1612458000 1612458000 180.6 44.3 180.4 43.6 39.65 True 65
1612461600 1612461600 179.2 46.2 179.0 46.3 51.41 True 7
1612465200 1612465200 184.6 45.6 183.4 44.9 47.34 False 53
1612468800 1612468800 177.8 47.2 177.6 47.1 64.74 False 8
1612472400 1612472400 180.9 43.5 180.6 43.3 62.35 True 32
1612476000 1612476000 182.0 46.8 181.3 47.2 54.23 True 88
1612479600 1612479600 183.6 47.9 183.2 47.7 30.38 True 50
1612483200 1612483200 187.5 44.7 187.6 44.6 47.86 True 40
1612486800 1612486800 183.4 45.5 183.6 45.1 45.82 False 36
1612490400 1612490400 183.0 45.5 183.2 45.3 50.55 True 42
1612494000 1612494000 172.6 46.1 172.3 45.8 35.59 False 3
1612497600 1612497600 183.0 45.8 182.6 46.7 61.84 True 36
1612501200 1612501200 191.5 47.9 191.6 47.5 65.66 True 58
1612504800 1612504800 175.8 46.0 175.6 45.4 47.81 False 48
1612508400 1612508400 174.9 46.7 175.4 46.4 47.49 True 97
1612512000 1612512000 178.9 45.7 179.5 46.2 45.95 False 33
1612515600 1612515600 185.1 42.9 184.9 41.9 49.98 False 68
1612519200 1612519200 182.6 45.9 181.8 46.6 56.01 False 77
1612522800 1612522800 177.6 44.5 177.7 44.0 65.35 True 27
1612526400 1612526400 179.8 43.7 179.5 43.2 50.5 False 39
1612530000 1612530000 185.2 43.2 185.6 42.5 50.04 True 21
1612533600 1612533600 183.4 44.9 183.8 45.1 64.06 False 99
1612537200 1612537200 192.1 43.8 191.6 43.5 38.31 True 29
1612540800 1612540800 185.0 49.1 185.5 49.2 59.99 False 75
1612544400 1612544400 181.8 48.2 182.5 48.2 60.06 True 42
1612548000 1612548000 183.1 44.5 183.3 43.3 56.57 True 49
1612551600 1612551600 178.3 46.4 178.6 46.4 43.82 False 5
1612555200 1612555200 175.1 47.3 174.8 47.5 56.2 True 69
1612558800 1612558800 180.9 44.7 180.5 44.1 55.9 True 18
1612562400 1612562400 182.5 48.7 183.1 48.0 67.4 True 98
1612566000 1612566000 173.0 46.8 173.1 46.8 48.31 False 96
1612569600 1612569600 177.4 44.8 177.4 45.6 56.68 False 21
1612573200 1612573200 178.2 41.4 178.2 42.1 38.92 True 53
1612576800 1612576800 181.3 43.1 181.7 44.0 52.55 True 32
1612580400 1612580400 178.7 45.6 178.6 45.2 49.71 True 41
1612584000 1612584000 182.2 44.1 182.0 44.4 44.07 False 96
1612587600 1612587600 180.5 45.0 180.3 44.7 46.76 True 27
1612591200 1612591200 185.3 43.4 185.2 43.7 69.19 True 27
1612594800 1612594800 171.4 45.5 171.2 45.5 54.97 False 75
1612598400 1612598400 188.3 44.1 188.3 43.2 51.19 True 96
1612602000 1612602000 187.1 41.9 186.9 42.2 38.96 True 21
1612605600 1612605600 180.3 44.3 180.1 43.3 45.03 False 21
1612609200 1612609200 183.3 43.9 184.3 45.1 53.13 False 80
1612612800 1612612800 183.0 41.9 183.0 43.3 52.26 False 78
1612616400 1612616400 176.3 47.8 177.2 47.5 64.63 True 44
1612620000 1612620000 180.8 44.8 180.3 44.8 50.25 False 80
1612623600 1612623600 183.9 44.3 184.3 44.3 48.61 True 7
1612627200 1612627200 181.5 46.5 181.5 46.7 49.83 False 2
1612630800 1612630800 185.3 44.8 186.1 45.1 50.97 True 45
1612634400 1612634400 180.5 46.5 180.3 45.7 49.38 True 54
1612638000 1612638000 180.4 42.0 181.3 41.5 51.68 False 65
1612641600 1612641600 176.2 42.9 175.9 43.3 56.54 True 59
1612645200 1612645200 178.2 46.1 178.2 46.3 63.02 True 51
1612648800 1612648800 177.7 48.0 177.1 47.7 45.9 True 55
1612652400 1612652400 188.5 45.1 188.5 44.4 36.69 False 12
1612656000 1612656000 181.2 45.4 181.1 45.6 56.17 True 76
1612659600 1612659600 175.0 43.4 174.4 43.2 65.69 False 38
1612663200 1612663200 182.0 44.9 181.1 45.4 49.18 True 12
1612666800 1612666800 179.0 43.6 179.4 44.1 56.82 True 10
1612670400 1612670400 164.7 44.7 164.9 45.1 42.74 False 11
1612674000 1612674000 182.4 46.4 182.1 46.6 52.04 False 46
1612677600 1612677600 172.2 41.0 172.1 41.1 45.57 True 56
1612681200 1612681200 182.9 45.4 182.5 45.8 46.84 False 62
1612684800 1612684800 175.2 43.4 175.1 43.0 43.89 True 98
1612688400 1612688400 172.7 43.7 172.8 42.9 45.93 False 69
1612692000 1612692000 182.5 47.3 182.7 47.6 46.31 False 78
1612695600 1612695600 172.5 45.6 172.2 45.7 51.81 True 18
1612699200 1612699200 177.8 46.9 177.7 47.0 51.35 True 17
1612702800 1612702800 181.0 41.5 181.3 41.4 59.69 False 55
1612706400 1612706400 183.1 44.2 182.8 43.1 49.06 True 64
1612710000 1612710000 183.7 44.1 183.4 45.5 40.52 True 57
1612713600 1612713600 179.8 43.8 179.8 45.2 47.66 True 87
1612717200 1612717200 175.8 45.9 176.0 45.6 39.09 False 58
1612720800 1612720800 189.6 46.8 189.4 47.2 59.97 True 48
1612724400 1612724400 177.0 42.8 177.4 42.8 60.86 False 21
1612728000 1612728000 189.0 43.1 189.0 43.2 37.01 True 76
1612731600 1612731600 177.7 42.5 177.4 42.7 36.96 True 91
1612735200 1612735200 185.8 47.3 185.8 47.8 61.83 True 43
1612738800 1612738800 185.3 44.0 184.6 43.7 45.7 False 42
1612742400 1612742400 174.8 44.8 173.9 45.2 50.82 True 75
1612746000 1612746000 181.8 44.3 182.0 44.7 28.6 False 21
1612749600 1612749600 183.8 43.1 182.9 41.8 62.47 False 90
1612753200 1612753200 183.5 45.7 183.1 46.4 68.05 True 65
1612756800 1612756800 179.0 45.8 179.5 46.1 53.17 False 82
1612760400 1612760400 181.5 46.9 181.7 46.6 40.28 False 5
1612764000 1612764000 178.0 44.5 177.6 44.5 66.47 True 75
1612767600 1612767600 174.1 44.4 174.1 44.7 51.46 True 15
1612771200 1612771200 184.9 43.8 184.2 43.7 47.58 False 5
1612774800 1612774800 177.2 48.0 176.6 48.3 70.24 True 82
1612778400 1612778400 186.9 47.0 186.8 46.0 40.84 True 78
1612782000 1612782000 183.0 44.9 183.3 45.0 56.46 True 96
1612785600 1612785600 175.5 46.3 175.5 46.9 38.0 False 88
1612789200 1612789200 179.2 43.8 179.2 44.2 57.84 False 27
1612792800 1612792800 178.6 49.1 178.3 49.2 44.62 False 38
1612796400 1612796400 175.6 43.8 175.6 43.4 37.83 False 58
1612800000 1612800000 182.5 44.2 182.9 44.2 70.13 True 6
1612803600 1612803600 177.6 44.3 178.2 43.7 50.99 False 15
1612807200 1612807200 188.2 48.4 188.4 48.5 40.57 False 66
1612810800 1612810800 184.3 45.3 184.4 45.2 34.75 False 10
1612814400 1612814400 175.6 47.2 175.8 47.4 42.49 True 90
1612818000 1612818000 179.9 44.8 180.2 45.5 61.53 False 91
1612821600 1612821600 178.9 42.6 178.7 43.0 49.07 True 20
1612825200 1612825200 172.2 46.6 172.0 46.2 38.88 False 24
1612828800 1612828800 184.7 43.7 184.4 43.2 65.53 False 79
1612832400 1612832400 184.7 42.4 184.4 42.0 39.72 False 76
1612836000 1612836000 184.6 44.2 185.5 43.8 49.28 False 81
1612839600 1612839600 177.7 46.3 178.1 45.8 54.46 True 88
1612843200 1612843200 185.3 48.5 185.0 49.5 48.78 True 12
1612846800 1612846800 179.0 42.2 179.0 42.8 51.91 True 73
1612850400 1612850400 184.7 40.6 184.9 40.3 27.28 True 53
1612854000 1612854000 189.1 46.9 189.1 46.9 20.86 True 20
1612857600 1612857600 180.7 45.6 180.2 46.8 53.91 True 34
1612861200 1612861200 172.9 43.9 173.6 43.0 38.34 False 3
1612864800 1612864800 178.4 45.8 177.8 46.0 58.12 False 61
1612868400 1612868400 183.2 46.5 183.6 47.5 40.37 True 72
1612872000 1612872000 186.1 48.8 186.1 48.9 34.32 False 61
1612875600 1612875600 174.3 44.7 173.9 44.4 48.48 True 59
1612879200 1612879200 179.0 47.6 178.9 48.2 45.68 False 44
1612882800 1612882800 181.2 44.1 180.3 45.2 49.64 True 35
1612886400 1612886400 182.2 44.0 182.3 43.9 65.13 False 79
1612890000 1612890000 184.6 45.8 185.0 46.4 42.24 True 63
1612893600 1612893600 175.3 42.8 175.0 42.3 47.28 True 63
1612897200 1612897200 177.9 42.4 178.0 42.5 60.2 True 87
1612900800 1612900800 185.0 46.9 183.8 47.2 45.65 True 78
1612904400 1612904400 182.0 41.1 181.7 40.9 39.85 False 82
1612908000 1612908000 182.2 45.2 181.5 44.9 51.86 False 9
1612911600 1612911600 185.6 44.4 186.1 44.7 55.63 False 31
1612915200 1612915200 180.5 44.3 180.6 44.7 25.81 True 40
1612918800 1612918800 182.6 42.3 182.6 41.8 42.83 True 70
1612922400 1612922400 178.4 40.9 178.3 40.6 55.75 False 14
1612926000 1612926000 173.3 43.7 173.2 43.9 54.81 True 83
1612929600 1612929600 173.5 42.7 173.9 41.9 53.7 True 15
1612933200 1612933200 180.4 44.1 179.9 43.6 48.38 True 23
1612936800 1612936800 179.0 45.2 179.5 45.4 36.97 True 25
1612940400 1612940400 176.7 43.5 177.0 43.9 48.08 False 85
1612944000 1612944000 181.6 42.9 182.1 43.0 66.61 False 31
1612947600 1612947600 175.5 45.6 175.3 45.6 58.69 True 12
1612951200 1612951200 180.6 43.5 181.1 44.3 29.85 False 4
1612954800 1612954800 179.9 43.1 180.4 43.2 40.03 False 3
1612958400 1612958400 175.8 44.4 176.0 44.1 39.66 True 79
1612962000 1612962000 168.5 45.6 169.1 44.6 58.8 True 44
1612965600 1612965600 187.3 49.2 187.1 49.5 57.13 False 30
1612969200 1612969200 181.6 48.2 181.6 48.0 67.72 False 65
1612972800 1612972800 166.7 42.5 167.4 42.3 62.46 True 21
1612976400 1612976400 177.9 42.4 178.9 42.3 38.36 False 35
1612980000 1612980000 182.0 45.1 181.2 44.7 50.62 False 64
1612983600 1612983600 178.9 46.1 179.4 46.3 44.24 False 9
1612987200 1612987200 182.9 44.7 182.3 44.6 34.07 True 81
1612990800 1612990800 175.1 49.3 175.2 50.6 57.16 True 80
1612994400 1612994400 180.9 47.4 180.6 47.1 59.25 False 42
1612998000 1612998000 179.7 48.3 179.8 48.4 46.34 False 12
1613001600 1613001600 179.1 44.2 179.0 43.9 65.22 False 56
1613005200 1613005200 178.9 43.2 179.1 43.6 62.98 False 77
1613008800 1613008800 181.0 42.9 181.3 42.5 47.46 False 75
1613012400 1613012400 184.7 44.8 184.5 44.8 46.18 True 14
1613016000 1613016000 177.3 42.5 177.6 42.5 59.73 False 69
1613019600 1613019600 178.0 43.7 177.9 43.9 60.7 False 20
1613023200 1613023200 180.8 44.1 181.1 43.2 44.56 False 92
1613026800 1613026800 179.4 46.9 180.0 47.2 49.37 True 10
1613030400 1613030400 181.9 44.1 182.0 44.2 58.94 True 7
1613034000 1613034000 183.6 42.2 183.7 42.8 68.38 False 30
1613037600 1613037600 186.5 44.1 185.6 43.7 55.85 True 47
1613041200 1613041200 179.4 45.4 179.0 45.3 66.05 True 33
1613044800 1613044800 168.6 46.1 168.3 45.6 55.67 False 3
1613048400 1613048400 179.7 43.2 179.6 42.8 42.24 True 3
1613052000 1613052000 181.8 46.3 181.1 46.6 60.85 False 54
1613055600 1613055600 179.1 47.8 178.4 48.1 72.42 True 84
