Longitude = -110.95deg Latitude = 32.18deg
Date Time MountAz MountAlt ActualAz ActualAlt Pressure Count Temperature
1609459200 1609459200 188.1 44.7 188.3 44.7 48.6 True 11
1609462800 1609462800 176.9 40.1 177.0 40.2 51.42 False 27
1609466400 1609466400 177.4 46.0 177.2 46.5 53.12 False 18
1609470000 1609470000 174.6 44.4 174.3 45.1 57.69 False 63
1609473600 1609473600 184.3 42.0 183.3 42.3 55.84 False 2
1609477200 1609477200 168.5 43.3 168.8 43.1 67.89 True 18
1609480800 1609480800 188.7 43.3 188.5 43.6 49.75 False 22
1609484400 1609484400 176.2 46.2 176.3 45.8 64.9 True 12
